obs_x =    [
            2.5 ; 3 ; 3.5 ; 4;...
            4.9; 5.3 ; 5.8 ; 6.2 
];         
obs_y =    [
            2.5 ; 2.5 ; 2.5 ; 2.5; ...
             4  ;  4  ;  4  ;  4
];  


obs_x =    [
            3 ; 2.5 ; 3.5 ; 4.0; ...
            4 ; 4.5 ; 5 ; 5.5;...
            5; 5.6 ; 6.1 ; 7
];         
obs_y =    [
            1.5 ; 1.5 ; 1.5 ; 1.5;...
            3   ;  3  ;  3  ;  3;...
            4.3  ;  4.3  ;  4.3  ;  4.3 
];

obs_x =    [
            4 ; 3.5 ; 4.5 ; 5.0
];         
obs_y =    [
            1.5 ; 1.5 ; 1.5 ; 1.5

];  

obs_x =    [
            3 ; 2.5 ; 3.5 ; 4.0; ...
            5; 5.6 ; 6.1 ; 7
];         
obs_y =    [
            1.5 ; 1.5 ; 1.5 ; 1.5;...
            4.3  ;  4.3  ;  4.3  ;  4.3 
]; 
    

