v = 1;
w = 0.5;